[gd_scene load_steps=14 format=2]

[ext_resource path="res://Grid.png" type="Texture" id=1]
[ext_resource path="res://Player/Player.tscn" type="PackedScene" id=2]
[ext_resource path="res://StreetMap.tscn" type="PackedScene" id=3]
[ext_resource path="res://Enemy.tscn" type="PackedScene" id=4]

[sub_resource type="CubeMesh" id=1]

[sub_resource type="VisualShaderNodeInput" id=2]
input_name = "uv"

[sub_resource type="VisualShaderNodeTexture" id=3]
texture = ExtResource( 1 )

[sub_resource type="VisualShaderNodeVectorOp" id=4]
default_input_values = [ 0, Vector3( 0, 0, 0 ), 1, Vector3( 60, 40, 1 ) ]
operator = 2

[sub_resource type="VisualShader" id=5]
code = "shader_type spatial;
render_mode specular_schlick_ggx;

uniform sampler2D tex_frg_3;



void vertex() {
// Output:0

}

void fragment() {
// Input:2
	vec3 n_out2p0 = vec3(UV, 0.0);

// VectorOp:4
	vec3 n_in4p1 = vec3(60.00000, 40.00000, 1.00000);
	vec3 n_out4p0 = n_out2p0 * n_in4p1;

// Texture:3
	vec4 tex_frg_3_read = texture(tex_frg_3, n_out4p0.xy);
	vec3 n_out3p0 = tex_frg_3_read.rgb;
	float n_out3p1 = tex_frg_3_read.a;

// Output:0
	ALBEDO = n_out3p0;

}

void light() {
// Output:0

}
"
graph_offset = Vector2( 12, 10 )
nodes/fragment/0/position = Vector2( 560, 60 )
nodes/fragment/2/node = SubResource( 2 )
nodes/fragment/2/position = Vector2( 40, 60 )
nodes/fragment/3/node = SubResource( 3 )
nodes/fragment/3/position = Vector2( 380, 60 )
nodes/fragment/4/node = SubResource( 4 )
nodes/fragment/4/position = Vector2( 200, 60 )
nodes/fragment/connections = PoolIntArray( 2, 0, 4, 0, 4, 0, 3, 0, 3, 0, 0, 0 )

[sub_resource type="ShaderMaterial" id=6]
shader = SubResource( 5 )

[sub_resource type="ConcavePolygonShape" id=7]
data = PoolVector3Array( -1, 1, 1, 1, 1, 1, -1, -1, 1, 1, 1, 1, 1, -1, 1, -1, -1, 1, 1, 1, -1, -1, 1, -1, 1, -1, -1, -1, 1, -1, -1, -1, -1, 1, -1, -1, 1, 1, 1, 1, 1, -1, 1, -1, 1, 1, 1, -1, 1, -1, -1, 1, -1, 1, -1, 1, -1, -1, 1, 1, -1, -1, -1, -1, 1, 1, -1, -1, 1, -1, -1, -1, 1, 1, 1, -1, 1, 1, 1, 1, -1, -1, 1, 1, -1, 1, -1, 1, 1, -1, -1, -1, 1, 1, -1, 1, -1, -1, -1, 1, -1, 1, 1, -1, -1, -1, -1, -1 )

[sub_resource type="ProceduralSky" id=8]
ground_bottom_color = Color( 0.294118, 0.54902, 0.67451, 1 )
ground_horizon_color = Color( 0.454902, 0.654902, 0.698039, 1 )
sun_longitude = -36.0

[sub_resource type="Environment" id=9]
background_mode = 2
background_sky = SubResource( 8 )
glow_enabled = true
glow_intensity = 7.1
glow_strength = 0.61
glow_bloom = 0.12

[node name="Main" type="Spatial"]

[node name="MeshInstance" type="MeshInstance" parent="."]
transform = Transform( 43.5536, 0, 0, 0, 0.0360936, 0, 0, 0, 43.5536, 0, 0, 0 )
mesh = SubResource( 1 )
material/0 = SubResource( 6 )

[node name="StaticBody" type="StaticBody" parent="MeshInstance"]

[node name="CollisionShape" type="CollisionShape" parent="MeshInstance/StaticBody"]
shape = SubResource( 7 )

[node name="MeshInstance2" type="MeshInstance" parent="."]
transform = Transform( 1.03422, 0, 0, 0, 1.27706, 0, 0, 0, 1.03422, 0, 1.01414, 4.61933 )
mesh = SubResource( 1 )
material/0 = null

[node name="StaticBody" type="StaticBody" parent="MeshInstance2"]

[node name="CollisionShape" type="CollisionShape" parent="MeshInstance2/StaticBody"]
shape = SubResource( 7 )

[node name="MeshInstance6" type="MeshInstance" parent="."]
transform = Transform( 0.458523, 0, 0, 0, 2.3127, 0, 0, 0, 3.65323, -11.7294, 1.93513, -4.30022 )
mesh = SubResource( 1 )
material/0 = null

[node name="StaticBody" type="StaticBody" parent="MeshInstance6"]

[node name="CollisionShape" type="CollisionShape" parent="MeshInstance6/StaticBody"]
shape = SubResource( 7 )

[node name="MeshInstance3" type="MeshInstance" parent="."]
transform = Transform( 1, 0, 0, 0, 1, 0, 0, 0, 1, 8.08233, 1.11549, 11.2005 )
mesh = SubResource( 1 )
material/0 = null

[node name="StaticBody" type="StaticBody" parent="MeshInstance3"]

[node name="CollisionShape" type="CollisionShape" parent="MeshInstance3/StaticBody"]
shape = SubResource( 7 )

[node name="MeshInstance4" type="MeshInstance" parent="."]
transform = Transform( 1, 0, 0, 0, 1, 0, 0, 0, 1, 8.04551, 1.11549, 19.8544 )
mesh = SubResource( 1 )
material/0 = null

[node name="StaticBody" type="StaticBody" parent="MeshInstance4"]

[node name="CollisionShape" type="CollisionShape" parent="MeshInstance4/StaticBody"]
shape = SubResource( 7 )

[node name="MeshInstance5" type="MeshInstance" parent="." groups=["Enemy"]]
transform = Transform( 1, 0, 0, 0, 1, 0, 0, 0, 1, -13.6941, 1.11549, 9.8138 )
mesh = SubResource( 1 )
material/0 = null

[node name="KinematicBody" type="KinematicBody" parent="MeshInstance5"]

[node name="CollisionShape" type="CollisionShape" parent="MeshInstance5/KinematicBody"]
shape = SubResource( 7 )

[node name="DirectionalLight" type="DirectionalLight" parent="."]
transform = Transform( -0.829081, 0.311429, -0.464368, -0.0172758, 0.815855, 0.577998, 0.558862, 0.487229, -0.671029, 0, 23.9287, 0 )
shadow_enabled = true

[node name="WorldEnvironment" type="WorldEnvironment" parent="."]
environment = SubResource( 9 )

[node name="Player" parent="." instance=ExtResource( 2 )]
transform = Transform( 1, 0, 0, 0, 1, 0, 0, 0, 1, 0, 0.0729327, -8.82898 )

[node name="AnimationTree" parent="Player" index="1"]
"parameters/TimeScale 2/scale" = 2.2
"parameters/TimeScale 3/scale" = 2.2

[node name="Skeleton" parent="Player/Mesh/Survivor/Armature" index="0"]
bones/6/bound_children = [  ]
bones/16/bound_children = [  ]
bones/19/bound_children = [  ]
bones/22/bound_children = [  ]
bones/25/bound_children = [  ]
bones/28/bound_children = [  ]
bones/33/bound_children = [  ]
bones/35/bound_children = [  ]
bones/38/bound_children = [  ]
bones/41/bound_children = [  ]
bones/44/bound_children = [  ]
bones/47/bound_children = [  ]
bones/51/bound_children = [  ]
bones/55/bound_children = [  ]

[node name="BoneAttachment" parent="Player/Mesh/Survivor/Armature/Skeleton" index="0"]
transform = Transform( 0.860607, -0.31059, -0.403595, 0.496312, 0.333881, 0.801373, -0.114145, -0.889976, 0.44149, -4.59552, 3.28289, -153.019 )

[node name="BoneAttachment2" parent="Player/Mesh/Survivor/Armature/Skeleton" index="1"]
transform = Transform( -0.586558, 0.400194, 0.704127, 0.784984, 0.0669004, 0.615893, 0.199371, 0.913985, -0.353387, -9.82654, 63.7425, -146.876 )

[node name="BoneAttachment3" parent="Player/Mesh/Survivor/Armature/Skeleton" index="2"]
transform = Transform( 0.42388, -0.598359, 0.679921, -0.528791, 0.445976, 0.722139, -0.735326, -0.665637, -0.127367, -14.517, 61.6291, -149.084 )

[node name="BoneAttachment4" parent="Player/Mesh/Survivor/Armature/Skeleton" index="3"]
transform = Transform( 0.274561, -0.684157, 0.675682, -0.394297, 0.560788, 0.728043, -0.877009, -0.466311, -0.11579, -14.2358, 64.7593, -148.008 )

[node name="BoneAttachment5" parent="Player/Mesh/Survivor/Armature/Skeleton" index="4"]
transform = Transform( 0.599042, -0.375179, 0.707382, -0.687361, 0.212191, 0.69463, -0.41071, -0.902339, -0.130772, -14.8204, 58.7848, -148.855 )

[node name="BoneAttachment6" parent="Player/Mesh/Survivor/Armature/Skeleton" index="5"]
transform = Transform( 0.579658, -0.363121, 0.729479, -0.613799, 0.394235, 0.68398, -0.535954, -0.844228, 0.00563826, -14.7729, 56.7267, -147.071 )

[node name="BoneAttachment7" parent="Player/Mesh/Survivor/Armature/Skeleton" index="6"]
transform = Transform( 0.867545, -0.481991, 0.122681, -0.318679, -0.349319, 0.881147, -0.381851, -0.80353, -0.45665, -9.48048, 29.553, -142.086 )

[node name="BoneAttachment8" parent="Player/Mesh/Survivor/Armature/Skeleton" index="7"]
transform = Transform( -0.971835, -0.228492, -0.0576911, -0.224673, 0.972209, -0.0658103, 0.0711252, -0.050995, -0.996163, -11.6097, 37.4215, -141.737 )

[node name="BoneAttachment9" parent="Player/Mesh/Survivor/Armature/Skeleton" index="8"]
transform = Transform( 0.0402724, 0.994984, 0.0915663, 0.99846, -0.0365748, -0.0417032, -0.038145, 0.0931045, -0.994925, -9.74498, 30.2214, -138.175 )

[node name="BoneAttachment10" parent="Player/Mesh/Survivor/Armature/Skeleton" index="9"]
transform = Transform( 0.476909, 0.877796, -0.0450705, 0.864059, -0.477611, -0.159028, -0.16112, 0.0368979, -0.986245, -9.33842, 29.8652, -136.503 )

[node name="BoneAttachment11" parent="Player/Mesh/Survivor/Armature/Skeleton" index="10"]
transform = Transform( 0.471883, 0.879235, -0.0653639, 0.866256, -0.47616, -0.151239, -0.164098, 0.0147448, -0.986334, -9.91226, 28.8944, -134.377 )

[node name="BoneAttachment12" parent="Player/Mesh/Survivor/Armature/Skeleton" index="11"]
transform = Transform( 0.978479, -3.53594e-05, 0.206346, -0.206346, -0.000162913, 0.978479, -9.74478e-07, -1, -0.00016648, 15.3348, 29.4468, 0.000105858 )

[node name="BoneAttachment13" parent="Player/Mesh/Survivor/Armature/Skeleton" index="12"]
transform = Transform( 0.58957, -0.000230041, -0.807717, 0.807717, 0.000184805, 0.589571, 1.37855e-05, -1, 0.000294953, -12.5774, -13.7688, -0.558759 )

[node name="GunAttachment" parent="Player/Mesh/Survivor/Armature/Skeleton" index="15"]
transform = Transform( -0.211852, -0.976106, 0.048337, -0.977302, 0.211595, -0.0104309, -4.60893e-05, -0.0494494, -0.998777, -14.4846, 21.9722, -139.835 )

[node name="StreetMap" parent="." instance=ExtResource( 3 )]
transform = Transform( 1, 0, 0, 0, 1, 0, 0, 0, 1, 0, 0.105739, 0 )

[node name="KinematicBody" parent="." instance=ExtResource( 4 )]
transform = Transform( 1, 0, 0, 0, 1, 0, 0, 0, 1, -5.00592, 1.12175, -1.50984 )

[editable path="Player"]
[editable path="Player/Mesh/Survivor"]
