[gd_scene load_steps=7 format=2]

[ext_resource path="res://Survivor.glb" type="PackedScene" id=1]
[ext_resource path="res://AceRifle.tscn" type="PackedScene" id=2]
[ext_resource path="res://Animations/LoopAnimations/RunForward_Loop.tres" type="Animation" id=3]
[ext_resource path="res://Animations/LoopAnimations/WalkBackwardLeft_Loop.tres" type="Animation" id=4]
[ext_resource path="res://Animations/LoopAnimations/WalkForward_Loop.tres" type="Animation" id=5]
[ext_resource path="res://Animations/LoopAnimations/Idle_Loop.tres" type="Animation" id=6]

[node name="Survivor" instance=ExtResource( 1 )]
transform = Transform( 0.7, 0, 0, 0, 0.7, 0, 0, 0, 0.7, 0, 0, 0 )

[node name="BoneAttachment" parent="Armature/Skeleton" index="0"]
transform = Transform( 0.739743, -0.470767, -0.480789, 0.646233, 0.297919, 0.702587, -0.187519, -0.830435, 0.524609, 91.2492, -97.2656, -144.186 )

[node name="BoneAttachment2" parent="Armature/Skeleton" index="1"]
transform = Transform( -0.879707, -0.306085, 0.363908, 0.474954, -0.528357, 0.703746, -0.0231321, 0.79193, 0.610175, 86.1605, -50.0245, -125.038 )

[node name="BoneAttachment3" parent="Armature/Skeleton" index="2"]
transform = Transform( 0.408313, -0.723742, 0.556307, -0.186462, 0.530447, 0.826957, -0.893596, -0.441387, 0.0816375, 77.827, -50.2248, -126.981 )

[node name="BoneAttachment4" parent="Armature/Skeleton" index="3"]
transform = Transform( -0.00645324, -0.844373, 0.535716, 0.177316, 0.526271, 0.831623, -0.984133, 0.100358, 0.146324, 78.5096, -48.1392, -125.49 )

[node name="BoneAttachment5" parent="Armature/Skeleton" index="4"]
transform = Transform( 0.528451, -0.612647, 0.58771, -0.281405, 0.526724, 0.802106, -0.800969, -0.589258, 0.105946, 78.3654, -52.6159, -127.53 )

[node name="BoneAttachment6" parent="Armature/Skeleton" index="5"]
transform = Transform( 0.323718, -0.856303, 0.402433, 0.278656, 0.492756, 0.824344, -0.90419, -0.154715, 0.398127, 77.3565, -54.8575, -125.888 )

[node name="BoneAttachment7" parent="Armature/Skeleton" index="6"]
transform = Transform( 0.509833, -0.856524, 0.0802322, -0.752547, -0.398858, 0.524009, -0.416825, -0.327535, -0.847926, 82.9491, -80.5684, -124.784 )

[node name="BoneAttachment8" parent="Armature/Skeleton" index="7"]
transform = Transform( -0.82169, -0.564775, -0.0765136, -0.551422, 0.821742, -0.14378, 0.144078, -0.0759507, -0.986648, 80.4261, -72.1064, -125.042 )

[node name="BoneAttachment9" parent="Armature/Skeleton" index="8"]
transform = Transform( 0.0070056, 0.992856, 0.119113, 0.99481, 0.00517197, -0.101621, -0.101511, 0.119206, -0.987667, 82.4812, -75.1096, -121.367 )

[node name="BoneAttachment10" parent="Armature/Skeleton" index="9"]
transform = Transform( 0.494893, 0.853568, -0.162795, 0.849307, -0.514752, -0.117082, -0.183737, -0.08032, -0.979689, 82.573, -76.326, -119.907 )

[node name="BoneAttachment11" parent="Armature/Skeleton" index="10"]
transform = Transform( 0.0648017, 0.966981, -0.246471, 0.991204, -0.0909334, -0.0961535, -0.115391, -0.238072, -0.964369, 82.308, -76.4823, -118.022 )

[node name="BoneAttachment12" parent="Armature/Skeleton" index="11"]
transform = Transform( 0.807069, 0.0571801, -0.587682, 0.587045, 0.0291486, 0.809029, 0.0633905, -0.997938, -0.0100422, 85.0579, -66.2384, -5.40974 )

[node name="BoneAttachment13" parent="Armature/Skeleton" index="12"]
transform = Transform( 0.350466, -0.00293245, -0.936571, 0.936575, 0.00125191, 0.350464, 0.000145017, -0.999995, 0.00318551, 112.936, -133.028, -0.025423 )

[node name="GunAttachment" type="BoneAttachment" parent="Armature/Skeleton" index="15"]
transform = Transform( 0.026651, -0.992081, 0.122738, -0.969675, -0.0554958, -0.238017, 0.242943, -0.112673, -0.963475, 78.6994, -88.0781, -120.915 )
bone_name = "swat_RightHandThumb1"

[node name="Spatial" type="Spatial" parent="Armature/Skeleton/GunAttachment" index="0"]
transform = Transform( 1, 0, -3.72529e-09, 2.98023e-08, 1, -3.49246e-09, 3.72529e-09, 9.77889e-09, 1, 0.165243, 0.383784, -9.24144 )

[node name="AceRifle" parent="Armature/Skeleton/GunAttachment/Spatial" index="0" instance=ExtResource( 2 )]
transform = Transform( 0.981413, 0.191059, 0.0165786, -0.0931367, 0.550421, -0.829656, -0.167638, 0.812718, 0.557999, -29.0078, -10.7945, -6.68099 )

[node name="AnimationPlayer" parent="." index="214"]
anims/Idle_Loop = ExtResource( 6 )
anims/RunForward_Loop = ExtResource( 3 )
anims/WalkBackwardLeft_Loop = ExtResource( 4 )
anims/WalkForward_Loop = ExtResource( 5 )
